97 95 92 90 87 85 84
76 77 80 83 84 87 88 90
81 80 78 77 75 74
94 93 91 89 88 86
85 82 79 76 74 73 72 71
73 71 69 66 64 63
17 18 21 24 26 29 30
72 73 76 79 82 84
16 14 11 10 9 8 6
25 27 30 33 35
30 31 34 37 39
82 84 87 90 93 95
21 19 16 14 13 11 9
43 46 49 50 52 55 57
70 69 67 66 65 63 61 60
29 26 23 22 20 17 14
74 73 71 68 66 65 64
85 83 80 79 77 76 73 71
10 11 14 16 17 18 20
47 44 42 39 38 35 32 30
67 68 70 71 74 76 77 79
35 37 40 43 45 46 48 51
66 64 61 58 55 53 52 49
76 79 80 81 82 83 86
56 54 51 49 47
67 64 63 60 58 57 54 52
10 12 14 16 18 21 24
79 82 83 84 86 87 89 90
79 76 75 74 73 70 67
48 51 52 53 54 57
42 41 38 35 34 32 29 28
2 5 6 8 10 11 14 15
77 75 73 72 69 67
81 84 87 90 92 93 94
29 32 35 36 39 42 43 44
25 24 23 20 19 17 16
64 67 69 70 73 74
17 19 20 21 22 24 25
42 43 44 45 48 50 52 54
45 42 41 38 37
80 78 75 72 69 66 63 62
8 9 11 14 15 18 20 22
52 51 50 47 44
23 20 19 18 16 15 14
18 21 24 25 26
86 88 89 91 93 94 95 97
5 6 9 11 14 17 18
74 73 72 71 70 68
70 73 75 77 80
56 59 60 61 62 64 67
21 24 26 29 32 34 35 37
31 34 36 37 38
18 15 13 10 8 7 4
36 39 42 44 45 47
71 74 76 77 78 79 82
31 34 36 38 39 42
20 22 23 24 26 28 29
72 71 70 67 64 62 61 58
71 74 75 76 77 78 80 82
49 50 53 56 57 58 61
15 14 13 10 7 6 3
28 26 24 21 19 16 14
50 47 46 45 43
37 36 35 32 30
71 69 66 63 62 61 60
62 64 66 68 69 72 74 76
40 41 42 45 48 50
20 17 16 15 12 11 10
9 10 13 15 17 20 23 24
38 39 42 43 44 45
18 19 20 23 24 27 28 29
5 8 9 12 14 16 17
58 55 54 53 51 49
15 18 21 23 25
20 19 18 16 15 13
69 67 66 63 60 58 57
64 61 60 57 54 52 50 49
20 22 25 26 27 28
42 45 48 50 52 55 57
18 17 15 13 12 10
22 19 16 15 14 11 9
67 64 61 58 55 53 51
50 52 53 56 59 62 65 68
52 55 57 58 60 62
40 38 37 35 32 31 30
69 68 66 65 63 61 58
49 48 45 42 40 37 34
37 36 34 31 28
52 53 56 59 60
39 41 42 43 45 48 51 52
15 16 19 22 23
84 86 89 91 92 95 97 99
83 86 88 90 92 95
63 64 67 68 71
90 87 85 83 82 79
56 58 60 62 63 64 66 69
14 12 10 9 6
43 42 41 40 37
18 16 15 14 11
57 58 59 61 64 66
60 59 56 55 52 49 48
19 21 22 23 26 29
49 47 46 43 40
84 85 87 89 91 94 96
61 60 58 56 53 50 47 44
66 67 70 73 75 78 80 81
27 25 22 19 18 15 13 10
44 47 48 49 52 53 54 56
17 14 11 9 6 4
94 91 88 86 85
58 57 55 52 51
90 89 87 85 84 81 80 78
35 37 38 41 44 45
38 39 40 41 43
89 90 92 93 94 97 98
62 59 58 55 54 52 51 49
9 12 14 16 17 19 22 24
94 92 89 86 85 84 81 78
28 30 31 34 35 36 38 41
59 61 64 65 66 69 70 72
77 76 75 72 71 70 68 65
55 54 52 49 48 47 44
96 94 93 92 89
40 41 42 45 46 48 50 53
52 53 54 56 58 60 62
98 97 94 92 89 88 87 86
68 69 72 75 77 80
49 48 47 44 41 39 36
57 56 53 51 50 48 47
11 14 15 17 20 23 26 28
21 19 18 16 14
49 51 54 57 60 63 66 69
50 47 46 44 42 41 39
45 42 41 39 36 33 32 30
47 48 49 52 53 55 56
79 80 82 83 85 86 87 90
31 28 27 26 23
3 6 7 10 13
84 85 88 91 94 95 96
59 57 55 52 50 49
55 52 49 48 45 44
13 14 16 18 19 20
70 71 74 77 78 80 83
36 38 39 42 45 46 49 50
95 93 90 87 86 85 83
14 17 20 22 25
20 18 16 15 14 13 12 9
32 34 35 36 39 40 41
31 34 36 37 39 40 43
73 72 70 67 64
47 48 50 53 54
91 88 85 84 83 81 79 77
49 46 44 41 39 37 36
20 19 18 17 16 15 12
86 88 89 92 93 96
78 80 81 84 87 88 90 91
22 20 19 18 16 13
2 3 6 7 10 11
41 38 37 34 33 30 28
28 27 24 23 21 20 17 14
74 77 80 81 82 84
69 67 65 64 63 62
81 79 78 76 73 72
54 53 52 50 47
17 16 15 13 11
57 59 60 62 64
23 25 27 30 32 34
29 26 25 24 23
30 28 26 25 22 19 18
70 67 64 61 58 57
62 64 65 68 71
83 86 89 92 93 94 96 99
47 45 44 43 40 37 35 34
47 48 49 52 55 57 59 60
3 4 7 10 13 15 18
64 66 68 69 70 73
18 21 24 25 27 29
73 70 68 65 62 59 58 56
68 65 62 60 59 57 54 52
11 8 6 3 2
28 29 31 32 34 35 36
37 38 41 44 46 48 49
60 61 64 67 70 73 75 76
22 23 25 28 29
84 87 90 92 95 96 99
31 33 34 35 37 40 41 42
70 68 67 65 63
82 84 87 88 90 92 94 95
86 88 89 92 94
72 69 68 67 65 64 63
79 82 85 86 87 90
29 30 32 33 36 37 39
36 38 39 42 43 45 47 50
70 67 66 63 62 60 58 55
25 26 27 28 31 34
82 80 77 75 74 73 72 70
3 6 8 11 12 15
29 30 33 35 38 41 42 43
44 45 48 49 52 55 57
47 49 51 53 56 58
60 59 57 55 52
22 25 28 29 31 33
22 21 19 16 14 13
19 21 24 26 29 32 34 37
49 46 43 42 40 37 34
40 37 35 33 31 29 27 25
84 82 80 77 74 71 70
75 73 70 67 64 61 59
55 52 51 49 48
71 74 76 77 79 81
57 59 61 63 64 67 70
55 54 53 52 50 49 46 45
44 47 49 51 52 53 55 57
84 87 88 91 94
79 77 76 73 70 67 65 64
48 47 44 42 39 38 36 35
38 36 35 34 32 29 27 26
58 61 64 67 70
83 85 87 89 90 91 93
70 69 68 66 64 62 60 58
25 22 20 17 16
59 62 64 67 70 73 74
56 55 54 51 50
36 37 38 41 43 44 47
48 46 45 42 41 40 37
41 40 39 37 35 33 31 29
52 49 46 44 43 42
72 73 75 76 78 79 81 84
75 77 80 81 84 87 88 90
28 29 31 32 34 37
20 22 24 27 28 31 33 34
39 37 34 31 29 26 23 20
15 16 18 19 21 24
36 38 40 41 44 47 48 49
10 12 14 17 18 19 22
27 24 23 22 19
90 87 86 85 82 79 76
34 35 36 37 40 42 45
66 64 62 59 56 55 54
60 62 64 65 66 67 70
37 38 40 41 42 43
79 78 77 74 73 70 68 65
22 21 19 18 15
95 94 93 92 89 88
75 72 69 66 65
25 22 19 16 14 13 12 9
30 31 32 33 35
5 6 7 9 10 13 14 17
82 83 85 87 89 92 93 94
54 52 51 48 46 45
35 32 29 28 27 25 23 20
51 49 46 43 42 40
39 38 35 32 30 27
48 45 42 40 38 37 35
59 58 56 53 51 48 45
76 75 73 70 68 66 63
68 71 74 77 80 81 82
28 29 31 34 35
88 90 91 92 94 95 98 99
69 68 65 64 62
88 86 83 81 80
85 88 89 92 93 94 96
38 36 34 33 30 27 26 25
69 70 71 73 74 77
22 24 27 29 32 33 35
80 81 83 85 87 89 91 92
47 49 51 53 54 56 58
45 44 41 38 36 33 30
16 18 19 21 24 25 26 29
69 70 73 76 77 80 82
86 85 83 82 80 77
7 8 10 11 12 13
68 65 62 60 57
20 17 16 14 13 12
90 87 86 85 83 82 80 79
20 18 16 14 13 10
36 38 41 44 47 48
64 66 69 70 72
94 91 88 85 83 80
25 26 29 32 33 36
26 24 21 18 17
63 60 59 56 54
40 39 38 35 32 30
60 63 65 67 69 71 72
16 15 12 10 9
49 51 54 57 58 59 62
48 49 52 54 55 58 61
36 35 32 31 29
73 70 69 66 63 61 59
16 18 19 22 25
32 30 28 26 25 22 20
39 42 45 48 51 54
70 72 73 74 76 79 80 81
37 34 31 30 29
15 16 17 19 21 24
31 30 28 25 23 20 18 17
81 82 83 86 89 91 92 94
78 76 74 72 71
24 25 28 30 31 32
80 79 76 75 73 72 71
71 72 74 76 78 81 84 86
8 11 14 15 18
46 43 42 41 38 35 34
20 18 17 15 14
84 82 80 79 77 76
43 44 47 48 50
